1 и 38310.45 14345348
2 в 30273.03 11335734
3 не 17480.6 6545609
4 на 15322.28 5737426
5 я 13348.58 4998377
6 он 13213.3 4947719
7 быть 12935.22 4843591
8 что 12485.16 4675069
9 с 11360.05 4253772
10 а 7518.96 2815475
11 как 6691.76 2505731
12 то 6038.37 2261069
13 она 5949.22 2227685
14 к 5835.86 2185239
15 этот 5633.9 2109612
16 это 5600.41 2097072
17 по 5579.17 2089119
18 но 5507.88 2062425
19 они 5116.76 1915969
20 мы 4734.62 1772879
21 свой 4589.61 1718580
22 который 4548.53 1703197
23 из 4457.93 1669273
24 весь 4315.84 1616065
25 у 4198.37 1572078
26 за 3971.65 1487183
27 от 3920.34 1467970
28 все 3654.09 1368273
29 о 3636.74 1361776
30 так 3625.83 1357693
31 же 3463.8 1297018
32 вы 3106.93 1163388
33 для 3071.22 1150019
34 мочь 3043.11 1139491
35 ты 2987.8 1118783
36 год 2969.16 1111801
37 один 2965.12 1110290
38 его 2947.41 1103656
39 тот 2927.96 1096373
40 человек 2896.06 1084431
41 только 2683.1 1004688
42 такой 2571.58 962928
43 бы 2532.01 948112
44 себя 2499.64 935991
45 сказать 2457.47 920200
46 еще 2402.68 899685
47 мой 2182.33 817174
48 или 2156.26 807411
49 говорить 2139.27 801050
50 до 2120.58 794052
51 время 2051.68 768251
52 уже 2023.87 757837
53 когда 2020.56 756600
54 другой 2011.69 753279
55 наш 1916.88 717777
56 да 1748.33 654661
57 если 1730.23 647885
58 знать 1721.39 644576
59 вот 1650.73 618116
60 сам 1650.64 618081
61 ни 1593 596498
62 день 1563.1 585302
63 дело 1557.04 583032
64 при 1503.94 563150
65 стать 1489.4 557706
66 чтобы 1486.88 556761
67 самый 1472.09 551223
68 жизнь 1420.36 531854
69 очень 1404.41 525880
70 нет 1403.18 525422
71 во 1384.86 518561
72 даже 1373.45 514289
73 два 1362.43 510161
74 рука 1312.93 491628
75 ее 1297.67 485912
76 первый 1275.71 477689
77 ли 1214.48 454761
78 под 1175.54 440182
79 со 1173.43 439392
80 кто 1167.58 437200
81 где 1163.31 435603
82 новый 1151.78 431285
83 слово 1141.8 427548
84 какой 1135.03 425011
85 раз 1117.76 418547
86 теперь 1077.7 403544
87 их 1073.79 402082
88 идти 1073.58 402002
89 без 1066.08 399192
90 после 1055.9 395383
91 иметь 1052.73 394195
92 там 1040.55 389633
93 ничто 1036.25 388024
94 должен 1009 377820
95 большой 1004.63 376185
96 видеть 1000.35 374580
97 место 988.39 370104
98 хотеть 985.92 369179
99 можно 966.1 361755
100 глаз 958.51 358913
101 лицо 909.76 340661
102 потом 898.68 336512
103 ну 881.95 330245
104 много 875.86 327967
105 более 874.1 327307
106 здесь 866.53 324471
107 работа 857.34 321032
108 дом 853.52 319600
109 надо 848.55 317741
110 русский 843.04 315677
111 каждый 842.11 315329
112 тут 825.38 309065
113 друг 824.25 308641
114 несколько 819.92 307018
115 тогда 811.2 303752
116 думать 809.44 303093
117 сторона 801.31 300049
118 голова 796.4 298212
119 потому 794.99 297685
120 жить 784.65 293811
121 сделать 782.21 292897
122 через 778.83 291633
123 делать 765.85 286772
124 стоять 758.18 283899
125 час 747.71 279981
126 город 742.1 277879
127 между 738.66 276592
128 последний 734.15 274902
129 дать 731.85 274040
130 какой-то 725.32 271596
131 об 715.54 267934
132 сила 711.19 266305
133 казаться 710.58 266075
134 пойти 695.25 260336
135 сейчас 686.11 256915
136 тоже 683.56 255959
137 вопрос 683.45 255917
138 ваш 681.48 255179
139 случай 668.55 250339
140 мир 662.35 248016
141 ведь 659.34 246888
142 перед 650.96 243752
143 россия 641.49 240207
144 три 641.42 240181
145 смотреть 634.29 237510
146 земля 626.56 234617
147 хотя 621.49 232718
148 над 618.36 231544
149 всегда 617.45 231205
150 часть 616.19 230732
151 ребенок 611.78 229080
152 москва 605.66 226789
153 вид 605.53 226741
154 взять 605.11 226583
155 всякий 599.21 224374
156 отец 598.57 224134
157 конец 590.41 221079
158 прийти 588.15 220231
159 чем 586.79 219724
160 бог 585.73 219327
161 конечно 578.99 216801
162 сидеть 573.59 214779
163 писать 572.69 214444
164 что-то 572.61 214413
165 хороший 568.35 212820
166 никто 567.15 212370
167 спросить 563.23 210902
168 почти 557.3 208682
169 получить 556.76 208480
170 вода 551.65 206566
171 оно 540.91 202545
172 *** 539.61 202058
173 любить 538.83 201766
174 народ 533.52 199775
175 вечер 519.44 194505
176 образ 515.35 192971
177 выйти 514.7 192728
178 хорошо 514.02 192476
179 1 513.62 192325
180 давать 512.59 191939
181 просто 511.52 191538
182 ночь 508.26 190318
183 вдруг 506.59 189694
184 остаться 504.17 188785
185 начать 503.39 188494
186 совсем 502.65 188218
187 женщина 497.78 186393
188 уж 496.5 185914
189 2 488.6 182958
190 душа 488.33 182856
191 лишь 486.1 182019
192 сегодня 480.65 179980
193 нога 479.8 179660
194 понимать 477.63 178847
195 некоторый 477.44 178779
196 книга 475.75 178144
197 мысль 475.37 178004
198 также 472.47 176916
199 голос 471.94 176717
200 страна 471.62 176598
201 опять 471.3 176478
202 письмо 470.98 176357
203 общий 470.78 176285
204 молодой 470.75 176271
205 старый 466.62 174727
206 второй 465.36 174253
207 отношение 465.26 174216
208 найти 464.04 173760
209 однако 463.18 173436
210 пока 462.33 173119
211 деньги 461.61 172848
212 работать 459.67 172123
213 великий 457.44 171287
214 понять 456.51 170939
215 больше 454.79 170296
216 именно 448.48 167932
217 дорога 445.07 166655
218 пора 437.89 163968
219 никакой 436.76 163543
220 вместе 435.01 162889
221 увидеть 434.37 162649
222 минута 428.93 160612
223 оказаться 427.38 160031
224 путь 425.66 159389
225 утро 424.32 158888
226 жена 423.2 158467
227 будто 422.17 158081
228 твой 419.63 157132
229 война 419.25 156990
230 имя 415.45 155565
231 сей 414.7 155285
232 полный 413.93 154997
233 дверь 413.47 154824
234 свет 412.26 154369
235 история 412.22 154356
236 почему 407.84 152714
237 никогда 407.7 152664
238 комната 403.09 150936
239 правда 402.3 150642
240 главный 399.09 149439
241 наконец 396.72 148550
242 высокий 394.82 147839
243 пройти 394.15 147590
244 мать 394.05 147552
245 читать 393.83 147471
246 стол 391.24 146501
247 мало 391.23 146495
248 принять 389.99 146032
249 маленький 389.31 145778
250 а 388.66 145533
251 3 386.62 144771
252 вообще 386.19 144608
253 совершенно 384.47 143966
254 сердце 380.42 142447
255 считать 380.19 142363
256 белый 380.04 142306
257 сын 378.7 141805
258 написать 372.92 139641
259 находиться 370.01 138551
260 право 369.33 138295
261 нельзя 369.29 138281
262 часто 366.86 137370
263 тысяча 366.16 137109
264 князь 365.81 136977
265 бывать 365.59 136895
266 являться 364.72 136568
267 язык 363.2 136000
268 разный 361.66 135425
269 нужный 361.11 135219
270 власть 360.88 135131
271 число 360.79 135097
272 черный 358.48 134233
273 кроме 358.08 134084
274 улица 355.54 133132
275 любовь 354.75 132835
276 рубль 354.69 132815
277 ходить 353.32 132302
278 против 351.49 131614
279 ответить 350.14 131109
280 лежать 347.18 130001
281 сразу 346.82 129868
282 особенно 342.23 128148
283 общество 341.98 128054
284 смерть 341.21 127765
285 начало 340.54 127515
286 просить 340.49 127498
287 куда 338.95 126919
288 значить 338.89 126897
289 про 336.5 126002
290 решить 336.38 125958
291 вести 335 125439
292 нужно 334.89 125400
293 снова 331.23 124028
294 отвечать 329.65 123438
295 скоро 329.12 123240
296 ждать 328.54 123020
297 оставаться 328.18 122888
298 ко 326.4 122221
299 век 326 122069
300 система 325.54 121900
301 положение 325.06 121717
302 около 324.81 121624
303 известный 321.27 120301
304 например 318.93 119423
305 уйти 318.89 119407
306 брат 318.67 119325
307 настоящий 318.39 119222
308 целый 317.55 118907
309 помнить 317.22 118784
310 оба 316.54 118530
311 сколько 316.33 118450
312 месяц 315.71 118216
313 среди 312.16 116888
314 долго 311.96 116812
315 возможность 310.79 116374
316 приехать 310.73 116351
317 живой 310.55 116286
318 советский 309.86 116028
319 4 309.19 115777
320 форма 308 115330
321 чувство 307.98 115323
322 окно 306.04 114598
323 разговор 304.35 113962
324 иной 303.68 113712
325 в. 302.91 113426
326 называть 302.22 113168
327 мера 301.84 113024
328 статья 301.51 112901
329 товарищ 299.6 112187
330 слышать 299.52 112156
331 закон 298.21 111663
332 машина 297.53 111411
333 иногда 297.13 111261
334 многий 296.03 110849
335 затем 295.17 110526
336 церковь 295.11 110504
337 продолжать 294.89 110420
338 труд 294.43 110251
339 поэтому 294.2 110164
340 подобный 294.08 110117
341 5 293.85 110031
342 военный 293.83 110023
343 играть 293.17 109776
344 быстро 292.41 109492
345 заметить 292.27 109442
346 вернуться 292.09 109373
347 чтоб 292.05 109358
348 начинать 291.67 109214
349 взгляд 290.34 108718
350 чувствовать 290.32 108711
351 прежде 290.03 108600
352 следовать 289.13 108263
353 господин 288.85 108159
354 точно 288.45 108010
355 красный 288.3 107953
356 ехать 287.11 107507
357 берег 287.06 107489
358 узнать 286.49 107277
359 хоть 286.3 107204
360 далеко 285.37 106858
361 вещь 284.35 106476
362 собственный 283.35 106099
363 действие 281.98 105586
364 прийтись 281.95 105575
365 речь 281.55 105425
366 школа 280.12 104892
367 условие 279.99 104844
368 внимание 278.22 104180
369 назад 278.11 104139
370 подумать 277.64 103963
371 давно 277.47 103899
372 стена 277.34 103850
373 посмотреть 276.82 103656
374 бояться 276.61 103577
375 следующий 275.82 103281
376 оставить 275.26 103072
377 театр 272.43 102010
378 смысл 271.84 101792
379 цель 271.68 101729
380 состояние 271.45 101645
381 движение 271.05 101494
382 огромный 270.81 101404
383 спать 268.94 100704
384 10 267.91 100320
385 тело 267.71 100243
386 пять 267.32 100099
387 рабочий 265.56 99439
388 лес 265.28 99335
389 третий 265.21 99308
390 довольно 265.18 99296
391 муж 264.47 99032
392 чуть 262.28 98210
393 дух 261.55 97937
394 поставить 261.47 97909
395 хотеться 261.44 97897
396 слушать 261.29 97839
397 помощь 259.17 97045
398 пол 258.83 96919
399 связь 257.19 96306
400 наука 256.82 96168
401 сильный 256.13 95906
402 развитие 256.03 95869
403 прямо 255.85 95804
404 группа 255.17 95550
405 действительно 254.44 95274
406 ответ 254.41 95262
407 показать 254.14 95164
408 государственный 253.93 95085
409 российский 252.78 94654
410 армия 252.38 94502
411 совет 251.89 94319
412 " 251.84 94302
413 двор 250.32 93734
414 порядок 248.93 93210
415 результат 248.92 93207
416 все-таки 248.84 93178
417 река 247.1 92525
418 море 246.98 92480
419 из-за 246.51 92306
420 рассказывать 246.21 92194
421 московский 246.12 92160
422 средство 245.48 91919
423 выходить 245.43 91902
424 н. 244.5 91553
425 иван 244 91366
426 войти 243.62 91223
427 существовать 242.52 90812
428 становиться 241.92 90587
429 причина 241.38 90386
430 важный 241.3 90356
431 лучший 241.12 90289
432 область 240.15 89926
433 четыре 239.69 89752
434 решение 239.43 89653
435 старик 239.07 89520
436 квартира 238.57 89332
437 простой 238.15 89175
438 6 237.11 88784
439 газета 236.62 88603
440 ряд 236.51 88560
441 государство 236.37 88510
442 происходить 235.92 88342
443 семья 234.37 87761
444 принимать 233.75 87527
445 кто-то 233.1 87285
446 забыть 232.9 87210
447 глядеть 232.75 87153
448 добрый 232.46 87044
449 мама 232.33 86997
450 род 231.98 86866
451 как-то 230.97 86487
452 слишком 230.94 86475
453 весьма 230.4 86274
454 впрочем 230.4 86274
455 приходить 230.39 86271
456 гора 230.27 86224
457 менее 229.96 86108
458 далее 229.77 86039
459 солнце 229.7 86010
460 готовый 229.53 85949
461 ж 228.04 85390
462 зачем 227.52 85194
463 человеческий 227.18 85068
464 равный 226.8 84925
465 небо 226 84624
466 рядом 225.31 84366
467 неделя 225.27 84353
468 александр 225.12 84295
469 суд 224.9 84215
470 процесс 223.94 83856
471 проблема 223.7 83764
472 искать 223.23 83590
473 любой 223.07 83528
474 ибо 222.89 83462
475 брать 222.89 83460
476 правительство 222.78 83421
477 генерал 222.69 83385
478 вчера 222.68 83383
479 искусство 222.67 83379
480 воздух 222.05 83147
481 спрашивать 220.95 82736
482 момент 219.91 82347
483 представлять 219.4 82153
484 автор 219.19 82077
485 умереть 219.1 82041
486 партия 219.06 82027
487 девушка 218.72 81900
488 плечо 218.56 81840
489 знакомый 218.55 81837
490 роль 218.42 81788
491 легко 216.71 81146
492 небольшой 216.39 81026
493 служить 216.29 80989
494 требовать 215.88 80836
495 член 215.87 80831
496 тяжелый 215.84 80822
497 идея 214.94 80485
498 вера 214.44 80297
499 % 214.33 80256
500 появиться 214.29 80242
